0    6605 4635 9675 5979 6050 3297 7510 2602 3252 2495 8409 5214 2565 9848 6324 5302 5472 5224 9767 7302 1596 4520 2026 6010 2446 3994 6895 8069 8432 8236 6534 4474 9779 2631 4164 6138 6858 6834 1855 8426 6733 3672 1409 5787 4274 4723 1884 1990 5918 3718 8416 7962 9419 4969 2193 2007 8507 7906 2800 9362 9248 3123 3377 1825 1434 4986 5435 7135 4001 3228 3823 2363 1709 1922 2501 5177 2607 3076 9132 
2855 5617 6291 9295 1257 2888 9517 5644 8543 4744 8700 6908 1629 1160 1580 9432 2993 3283 8368 5648 6105 1019 9382 4002 9956 6681 9549 2444 1037 7636 1367 6772 5072 1270 2316 2527 1164 2131 4058 3965 2670 1708 6934 7773 2349 3048 9027 7329 3585 6805 7673 7798 9480 1018 2768 5063 9538 2327 8453 4799 7021 3618 5208 2538 8690 4836 6523 9470 9938 5493 2687 4529 1743 3255 3145 9753 4652 1365 2700 1506 
1094 3701 1309 8147 1914 8776 1194 2792 6880 9149 4218 3438 2333 2479 5827 3188 7388 7331 6710 8374 5925 6985 2048 8700 1235 7346 1398 2617 2310 7718 5215 1675 3044 9846 1264 2525 1984 5029 6648 5695 3744 1619 3468 4313 1961 9673 7500 6400 2111 8931 4395 6512 9981 6572 8661 9562 4757 1660 7284 9017 1169 5531 6852 5678 2150 4920 5606 4081 9065 9971 4102 5297 3082 5392 5791 3088 7719 1928 8836 3168 
8962 5533 2832 8580 1475 8280 8410 9702 8130 6210 3458 7876 1946 1521 5812 8993 3977 4795 6747 9995 4670 5380 4424 2218 3727 4828 2319 8343 6138 7191 4841 7948 9738 2680 4547 3694 6583 3740 6627 4761 6813 6990 5678 1840 6564 3839 4149 4926 1216 1412 7415 7427 1706 5511 4310 3322 6027 8683 9540 2641 4928 2146 2141 4782 8979 5816 6290 2738 5472 9449 1336 7148 1863 1222 8727 8019 5356 8941 6520 5351 
2852 5230 3022 8120 7867 7529 6212 9784 3277 4998 7030 6631 4838 3789 9974 4021 6136 1110 3508 5619 7555 4497 5910 1905 7823 4590 7824 1658 6885 6715 7422 3953 9948 2834 3241 1259 5437 2029 5062 5098 5282 1360 8378 3681 6663 4261 1457 8428 9118 6305 9433 6174 5963 1175 5955 5228 8814 6444 8407 6537 8653 9426 1106 6615 7137 4130 1454 9889 5961 6847 1105 8382 6933 9957 6118 1191 6567 3889 7087 9128 
6908 4146 7721 6663 3481 5447 7432 2451 1292 4562 4427 9108 1940 2029 4879 5099 1323 6816 7234 4971 6907 2636 8635 6897 5327 2045 2995 4053 5932 2929 1655 9273 3675 7511 3880 1342 1364 5746 1798 3488 7504 7731 7780 8502 6783 6305 1031 3055 9657 1732 8694 7200 4166 5050 4553 2598 9044 5237 8306 9898 7120 4150 6276 9783 2158 5258 7622 1403 3993 5691 4375 9532 2475 5880 3090 3325 8942 6269 1209 9664 
2587 8532 1840 4075 9803 6135 3876 4599 1431 7652 6994 2791 2591 4815 8444 7713 7526 5638 1991 7805 9740 7842 8961 1115 8124 2568 7101 5243 6976 6473 8516 6998 7435 5038 1422 6303 8329 9951 4618 8322 6716 7003 2902 7096 9506 7196 9578 7788 7754 1444 7315 2181 6800 4579 5062 5509 2956 2315 2333 2069 5790 6901 8882 7577 2650 8429 5999 1789 9057 8633 9621 4229 2125 8981 8576 7697 5009 6301 6010 6857 
8119 1231 8290 6092 3150 4719 9332 8926 4455 7853 3143 9323 7231 4070 2030 8081 8607 4842 7778 8441 9183 1053 7224 1306 7727 6434 8071 2118 1259 3815 3488 4214 3549 1339 6593 2411 1925 9554 9786 8421 1456 5859 6637 5896 6732 7999 6928 5457 3476 5128 5661 7363 2098 3279 2403 3077 8005 1030 7439 3730 2072 1641 6960 9739 2179 6237 7582 5829 4282 8738 4695 6007 4155 8128 1332 5590 8708 6500 6768 8462 
6525 1975 7179 7163 8170 1044 4645 7380 2436 3598 4467 5035 6922 5220 5734 7738 5566 4232 6778 5789 5344 5565 4045 4284 3941 6325 6809 8247 7500 9134 6362 7820 7415 9232 5052 2940 9108 7031 3012 7114 9579 7861 6389 1099 8002 5683 1694 6753 3029 4212 1502 3746 4132 8326 5995 7556 4514 5989 9350 8396 5072 6980 6815 1907 8910 5773 9896 8411 7252 8836 7007 6282 9028 7168 2844 5643 8703 3006 5372 9886 
8185 8437 6784 4945 7894 6857 5001 9895 6789 1912 7473 1041 4047 7578 5517 3831 5069 2872 2199 2304 7245 8768 9246 1529 5511 8981 7201 9731 5507 5093 4913 5419 6077 8216 3782 9454 2509 7043 2219 2464 1815 6050 4528 3385 2822 6593 6881 6871 5600 4997 7705 4279 3492 2225 9437 3331 8889 4478 7334 7770 4522 6173 5075 1317 3386 9368 6307 8293 5185 4427 8381 9885 9859 8844 3993 5414 9696 1032 7027 2520 
8949 9651 7087 8212 7025 8494 6748 1499 1006 3131 7784 9529 7537 1737 7631 8551 2492 5390 6378 4505 7247 8378 2088 5804 8918 3941 8463 3382 3490 2191 5096 8526 8562 8922 6339 7654 1899 8856 4508 2363 3501 6262 7331 1389 1996 5326 9394 2391 6062 1036 3733 3048 7419 8266 8194 5766 9192 6421 4406 8482 7159 1470 2014 7097 1099 2550 8722 3099 7982 8085 5271 8697 7515 4817 5191 7456 6798 1230 1450 2999 
9293 7180 9679 6824 3773 2385 8492 8583 8776 4689 4102 7918 6232 6598 1799 4293 4801 4224 2872 9029 4179 2456 8426 3006 9647 3468 3797 8570 4744 5727 8013 4536 2040 4290 2784 1926 2579 1175 9558 9634 7435 8876 3694 3338 6725 2134 1902 2241 9111 5119 8122 6225 8342 3362 3982 9902 6178 3269 3123 1949 4669 8393 3106 5050 4920 5568 4260 5410 8052 9522 8557 3764 8272 2974 1892 9881 3265 5271 9386 8603 
1686 2423 8122 4794 8618 6634 7553 4853 9880 3250 7491 9787 2134 2874 9028 5053 3320 8760 9883 8295 7282 6948 8179 2678 2300 8571 1483 8421 7013 2228 6969 1225 6894 2829 6546 5070 3304 1576 6281 8439 1272 2914 3003 4270 4934 2840 5681 3112 9361 6870 5057 4919 3325 9045 6594 8562 8682 4684 6908 6672 9196 7741 2866 8416 2350 1804 4701 1975 4387 5668 3924 7659 1470 5126 2257 3384 6422 9994 2072 5925 
4563 1360 8242 5152 9323 6339 7936 7508 2823 5232 8349 8499 6830 5146 5617 4876 6835 1628 8834 5606 7156 5539 4960 1862 1388 3777 3024 3458 4578 6973 3145 5494 9665 9680 7178 7219 3393 7988 5423 9438 2070 1888 4771 3926 8537 5332 4626 3204 5744 2026 1447 6007 1867 7272 1212 7296 5911 3335 6276 8115 1461 1064 2444 3884 4175 8561 9770 9492 8193 6299 4598 8542 7488 3679 6066 6596 4579 5326 1157 3957 
3718 8928 7679 9750 7343 4371 2851 8637 4050 9400 9868 5933 8955 9143 1669 8506 2734 2144 8428 1435 3899 7697 1997 9826 9785 8149 5299 6299 8072 8844 2954 8116 8785 7877 9226 5619 6308 7397 3119 9989 7738 4825 9402 7718 6578 6862 5772 1666 7134 8152 6117 1455 7147 8885 1560 1572 4340 9702 4480 6285 1641 8435 8429 1671 5740 1622 8924 7393 2203 2645 8043 7971 7338 4321 1221 7603 6443 1994 6037 1618 
6358 5545 7746 8518 4584 6083 1550 7685 5522 4371 3799 7155 7406 2030 6362 4738 4279 1257 5341 3237 2620 4275 4379 4709 3476 6469 1589 8260 3841 7434 8312 6020 7943 7775 3645 3050 5786 5055 7317 3088 1530 8471 8378 5097 2050 8165 7261 9679 5683 8197 7373 6279 5874 3708 6603 6457 9856 6211 3414 5409 9554 7035 8726 3594 6693 4335 8400 7480 3990 4394 9784 3775 1469 6426 4063 6610 7906 7333 6051 2781 
5588 7151 9940 6223 3158 2671 6091 3080 4791 3509 8444 7062 9086 9608 7145 9833 5899 9112 3598 8627 3780 1819 3560 4820 3598 3033 3140 3556 8729 5369 3418 7075 3473 1033 1758 2317 2624 7588 7311 2533 2505 2315 1512 8078 5230 4685 1734 2792 1325 6151 9278 9093 6887 9214 3071 1456 4998 2779 7999 5737 1788 9993 6675 8298 4035 8685 9915 9352 1271 9659 4591 8606 4313 9407 7136 7418 1034 5378 8826 1269 
6584 2494 8734 6684 8284 6496 4062 6091 6280 4368 3947 1238 2510 4701 8799 8146 2498 5259 7880 7082 1267 5445 6440 3889 9484 2647 2401 7430 4429 3068 5631 5478 2092 4119 3321 1974 2826 6400 7465 2517 3682 9149 4996 8183 1708 2862 7868 7542 8401 6753 3547 4585 2145 6845 5216 5743 8433 8158 4580 7650 9260 6802 8139 2544 5100 9714 8267 6965 3230 2510 1857 8321 8529 4765 8870 8452 6413 9407 7076 2284 
9124 2173 7129 4094 4857 7124 4152 7276 5141 8469 8415 8189 1950 2208 5941 4451 3217 2209 1368 1133 1099 4115 4584 3529 5631 7988 9477 2728 3903 3433 3766 6410 8684 4699 3031 6177 3094 9677 2429 6164 7364 9879 1788 7085 3072 1731 9988 5731 8206 8214 6212 9316 8378 2486 2980 2127 8652 8111 8361 1261 1923 6835 5909 8513 4673 2885 3300 2265 9765 2772 2117 7171 9513 5652 7089 6712 8277 8286 8130 1411 
1868 7981 2535 4916 1355 6507 5059 4916 4663 2609 2342 2237 6927 7321 8747 1049 1562 8105 7107 7227 8253 3921 7346 4476 9792 2069 6928 5959 9926 2741 8410 4385 1403 6732 6585 9351 3069 4707 7267 5764 3613 5122 6656 2793 8619 7439 3639 1362 8468 5475 7918 4620 7407 2837 2167 3124 3319 2781 7524 9670 3855 6572 5240 8943 4946 3917 4822 8607 1813 1933 8154 4662 7674 6174 9559 3972 2854 6350 1357 4864 
7370 6041 3328 7442 9126 9223 8807 7543 1291 1752 3116 5049 3247 1016 6612 5070 2314 4431 3627 1449 6718 3065 3974 5896 9005 8670 7432 7820 3897 8857 1261 6702 9569 9073 2540 2705 2384 3927 5760 8961 2855 6778 1290 1927 5871 8244 1630 2729 2786 1083 6730 6900 1917 4147 9298 5528 7470 4221 5753 5515 6344 7164 4059 3769 2636 6586 5016 7803 8026 1542 8845 8466 8621 8592 3309 6106 6806 9445 3134 7358 
1822 2212 7512 7454 6809 8648 8702 3983 5402 6772 7671 7143 2862 5780 4859 5901 8381 4381 5623 8054 5738 5771 7886 1613 3045 2769 3553 1760 2405 1354 8664 5871 8504 7530 3830 7773 7107 7975 2326 8221 3001 6665 1259 3206 4007 4572 1213 3050 2713 4317 4297 1004 2060 2654 4403 2139 4396 8589 3262 7770 1079 7243 6332 5022 4218 3677 3062 5550 4170 1173 2090 3382 5190 1878 9543 7481 1876 1952 5546 6516 
2918 3098 9666 7151 2267 8316 2080 8944 1777 2241 5512 5695 4137 4512 3607 5881 6552 9418 6010 7693 1823 1097 4754 5649 6610 3695 1841 5411 9425 1213 8500 9354 4640 6296 3222 4767 6832 3128 4269 4772 7134 9528 2275 8133 4590 8994 1207 4437 1159 6316 9081 1310 9278 3791 4074 3307 8453 8086 7640 4230 8421 7602 9428 8661 8974 8588 4142 6926 4926 1950 5566 1143 4104 6758 9691 4290 2051 1196 3137 3533 
9803 2440 2010 9453 7222 3915 6802 2036 1249 4017 8915 4232 6157 2347 5727 9513 9149 9617 4928 1723 9190 8399 2331 8817 2065 8136 7781 9391 8600 5831 2014 8555 7583 8300 4507 2381 2812 9374 7026 3676 7577 5708 3500 5594 8201 5104 5107 7394 6940 4275 1061 6397 3880 7230 3648 8193 7133 5293 9123 6392 2720 7189 8212 3993 9159 4699 4723 9823 5735 3515 4610 1343 3863 8493 2822 4916 2224 6670 2014 1780 
3768 9927 1614 6077 6555 2783 3770 5132 5444 6477 6570 6893 2320 9324 6649 2476 6021 9722 7334 4019 8996 6602 1291 8605 1664 2014 3185 9306 9034 3340 2382 7802 5121 8232 8389 9603 4760 7378 2387 8618 2376 9953 8875 3290 4819 6739 5044 7148 1790 5007 8060 7333 9639 1992 6983 8121 1951 3366 4473 3915 9928 9567 1433 5090 7066 8618 7256 8251 4926 8792 9960 5159 9188 7964 9104 5714 8730 8815 6632 8917 
9245 9336 7385 5333 4007 5264 8136 5028 5889 4346 1078 7700 6910 7322 8214 3554 9592 1742 8757 5188 4974 2052 9526 3806 9086 9890 4699 4623 5284 7039 2883 6678 4796 4892 7625 4478 8648 6538 1088 7990 9009 7505 9384 4542 7935 9553 1473 7967 4626 2023 5346 6088 6063 5611 7612 3525 4675 3304 8295 2559 4962 8155 8212 3877 4051 6856 9492 6737 5459 4103 7069 6719 6080 5931 2883 6271 8952 4512 8782 5229 
8885 3741 4097 2897 4706 8671 6153 7086 4066 8880 7207 8362 5476 1640 5355 8724 6679 3154 3914 9146 1952 8145 9238 8735 2149 3413 5900 5875 2628 6492 1305 7435 8920 4229 7028 5340 3642 2966 3427 1794 9991 3049 4481 3390 8153 9777 6608 2552 9940 8954 4924 3165 9670 2879 9030 7481 9913 7437 5189 7816 1600 8064 8982 2719 8180 6010 8118 7597 3076 2076 1757 4737 9544 3860 8872 5210 8074 5082 9315 4213 
7481 6114 2340 6386 6954 5318 2439 3834 6668 7505 9035 8088 2907 5392 7397 4255 2952 3444 6507 2435 8288 2235 1074 9998 9803 1303 7640 2685 4290 5899 8172 1222 5159 1384 9003 7465 8607 5956 7540 6110 2545 7829 6815 3737 6930 4733 1246 2024 5249 1799 5419 9444 1197 2965 6420 3583 2336 8469 7941 7088 8410 3865 3719 3677 1489 3427 7690 3773 3954 1832 9325 2709 9833 2976 9871 7981 4237 6954 2857 7686 
4371 1756 7942 1906 5876 6778 3814 6850 1660 4826 5435 9007 7601 6543 7280 8352 1532 1844 1299 3367 2075 3123 6874 5127 6547 8178 3729 2128 9003 1039 5574 9372 5593 2838 4076 5034 8664 2724 5660 8152 1978 9347 2698 1506 9900 3522 2112 6136 8907 8777 8800 7419 6837 8207 9851 4307 9712 7419 1451 5360 3681 2349 3357 9800 8852 1942 1781 7620 7714 5801 9726 6921 7884 2575 3554 1224 8458 1885 6641 5013 
6243 5352 7188 8333 6720 6010 2340 8995 3911 9668 6227 7428 2514 6127 4727 5000 8439 8922 9313 9011 1597 1824 8065 4457 2927 2918 6915 4403 9025 5532 2568 2674 9052 9749 8754 5916 3510 5320 3189 3793 5477 2256 6804 9431 1691 5081 6350 4281 9195 7781 1712 5541 1698 8530 5875 2595 3265 7769 3022 7305 6026 6415 1334 4317 9037 8259 3892 7462 7592 5084 2102 9614 1817 6555 9222 2174 8883 8815 1996 1399 
5731 5588 7775 6908 6445 1370 8757 6261 2858 3315 5189 3659 7315 3563 8537 4636 1147 6666 6113 1677 2241 6502 3352 4781 8105 9894 5824 1229 9995 8434 9659 4161 5428 8217 5368 4721 9641 2920 2979 9009 2670 2284 6385 3609 3292 3559 6267 1508 9129 9474 3901 6802 4479 1298 2421 5984 3082 1636 6772 2376 2595 4161 6433 2541 9962 9423 7397 6472 6395 3372 7910 5232 8995 1849 7315 5590 6392 3015 2023 2185 
8464 2704 8964 3617 3338 5525 9658 8289 3938 5409 2221 2750 3350 7797 2009 5809 1144 8118 1108 1801 7982 9679 9728 7058 1700 2553 6677 5332 2384 2276 3680 6655 7167 3515 2042 9093 8203 1737 1012 9030 5205 1333 2095 6440 4596 2269 1402 9702 5234 6703 6051 7451 4531 1240 3855 7154 6579 2472 3885 1217 6192 4021 9164 4149 7287 1695 4503 6868 9746 6145 5009 1412 7222 4561 4139 5239 9759 6033 3578 6404 
3790 5289 3372 4260 4173 4448 8933 5282 3949 2622 9750 6834 8343 3918 2638 5073 3291 6088 6475 7244 2246 4942 3251 5134 2334 9724 1171 1300 8104 6925 5528 7427 9521 3464 3881 4202 9669 1497 9224 1136 9933 8784 2923 5091 7149 2451 9090 2413 6496 6979 9623 6110 3483 1326 2073 5311 3017 8307 9288 7074 9282 9066 2792 9759 4338 5080 1225 4178 2406 9150 3063 3001 1903 7501 3382 2456 5103 2705 7180 1666 
5242 8212 5101 4018 5759 3172 9070 1206 6278 2701 2102 5064 3171 5359 4710 1387 9303 6766 7964 4192 2609 4736 8045 9857 9489 3366 2702 9916 7097 2843 5848 6724 3272 4377 6862 2024 4963 3045 6336 2465 4489 9798 6498 4801 1219 1604 8522 1164 5908 4553 8537 4411 2686 1729 8932 1887 2865 8774 8471 7064 7990 3414 6982 8610 4975 3924 9791 1547 2354 8496 5922 7270 6635 4602 2762 3510 2299 9890 5924 1698 
4358 1434 3330 3869 9876 6168 3919 4241 3003 8913 9565 2861 1075 5369 3182 6438 9734 5260 3738 6157 2302 6161 5648 6897 5368 1910 8492 2959 4843 7576 7524 8545 8717 3644 3518 5316 1500 9353 1834 2729 1388 8683 4192 6448 6071 5704 5340 5250 2918 2646 5577 6984 2063 2108 7822 2380 4531 2549 6298 8892 2794 7170 7887 9949 6740 1467 5553 6629 4841 1448 7037 5852 5319 7737 3076 4376 7079 6315 1540 5863 
4407 6488 6822 6861 2690 9482 7396 9970 9697 7003 4198 4577 8248 4705 8179 8473 4031 7859 6708 9480 6520 2798 1836 5354 7054 8194 4337 3012 7503 3271 7979 8909 5236 6061 6011 7179 5071 3050 7554 4050 6098 6649 3354 1985 2319 1688 3501 4366 6660 5613 5825 2924 5816 7359 8751 5807 6254 1050 7583 4291 8950 2799 3295 4263 8893 8058 2963 6196 5133 3469 4216 2677 1232 7414 3972 6446 1645 8779 1094 5060 
7565 2116 5673 8187 2850 9505 3874 1950 8965 5650 1014 5886 4920 1007 8406 4863 1231 2733 8705 2150 3045 1897 9883 7423 7486 6438 4595 2814 1486 4726 4264 7863 3774 9061 5004 2267 3122 1182 5130 7336 1007 2593 2831 3277 7542 9392 4990 6851 8102 5349 3787 4403 3098 2148 2709 6960 8142 6454 1963 4966 4831 3302 1789 8511 1004 8766 9971 6001 6651 6905 8721 3730 6168 1259 8152 7520 5432 7005 9553 5780 
8261 8006 6748 7813 4293 8830 2291 6775 3981 6461 4388 6869 1675 2946 8287 6484 2718 1637 9012 4597 5029 3851 6744 6126 9470 4197 7967 7979 2265 4594 6525 2142 3365 4921 7868 6360 3585 4081 8202 2690 9662 8143 1482 7569 7043 2595 6540 5201 8829 6102 2857 3787 1462 3442 5500 7508 2588 4218 3346 1325 8178 7088 7280 3657 2805 9901 6187 6838 4651 6655 3548 8299 1750 2561 3793 8708 5771 9288 3535 6595 
9969 4651 1176 8455 5867 7953 1323 7450 3124 5950 1415 1259 4919 1202 6849 1800 8902 6950 2597 3933 1723 8127 2635 1607 7148 4878 8609 6007 4214 6593 8844 9042 3309 9418 3119 5828 5863 6825 8211 7018 8603 4637 7900 7781 9971 4740 1684 1201 8804 3457 6206 7795 7604 2842 4001 6066 2329 5294 7874 3574 4333 1902 2290 4170 5822 4758 8845 1679 4152 8452 6963 1754 5880 9816 9919 1939 7470 8131 7585 4234 
6722 8856 9479 2558 8299 4855 5840 6343 9360 7993 5140 5241 8719 7024 8479 4026 2759 4872 8845 6016 8742 6825 2506 7932 2351 5022 6435 6293 7481 6490 6820 7712 4896 7054 8146 6059 8411 6374 3291 6980 9614 9592 7652 8868 3073 7890 3358 3848 4789 4839 1085 6119 9094 9324 9630 4028 8014 4540 2472 5118 1452 4157 6077 3995 9007 2572 2876 7825 6617 5548 5501 5455 6091 1806 6004 1762 7215 5224 7327 9350 
6188 4599 4200 7415 2532 6270 4454 4228 6227 6752 4686 2604 6050 5708 7996 9042 7203 4352 4142 7734 8672 9359 2792 3573 1902 2824 7061 5140 1084 7807 2179 3049 4023 4717 1354 5314 1811 2130 7638 7150 9290 8505 3709 2469 9272 9348 8277 1431 1371 9929 6934 7056 5453 5282 3879 7646 6392 7008 1488 3742 2144 4278 4396 9789 9222 2015 8819 3690 5584 9676 3870 1164 3448 9800 6833 9098 1225 4532 8032 8492 
1712 6424 9182 3284 4420 4126 5478 6105 2416 8584 4647 7876 5072 4845 7563 6001 9286 3591 2935 4832 1386 9705 8978 7224 8612 3531 1078 5687 3278 5585 7233 7326 1002 5800 9288 8306 3060 2673 3101 6080 3739 5856 9100 8302 6388 5389 4876 6787 4679 3901 8070 8724 3002 2612 7730 1695 2108 1065 5784 3403 6107 7993 7589 8937 5616 1361 8710 1510 1217 6662 6508 5029 2904 2630 2782 1859 8923 8764 8388 6797 
4028 6704 7480 3898 7299 1197 6962 9340 4521 6342 6607 6156 5107 5343 8422 3312 7858 5111 5043 5792 9400 6897 7668 2549 4724 7140 6536 9213 2162 1873 1933 1776 3250 2124 2986 2309 9534 2272 2558 8001 6281 6239 6039 4004 4554 5424 5094 2373 7641 1851 3126 4235 7809 6991 5259 4420 2130 1410 1004 2898 2101 6057 1457 6068 7665 1821 4782 8598 6179 6978 8798 9776 8676 1827 5905 8732 2098 2138 8495 1046 
9081 3728 9497 5656 9099 4219 4982 3822 6664 8190 5505 9111 9794 3066 2702 4913 3628 3596 4853 6098 5369 8790 3671 3946 6742 5606 4715 6604 1568 6420 8311 4192 2649 2730 4631 5339 5683 8241 7837 4295 7303 6846 7095 8339 9836 6619 6638 6486 6247 3236 5756 7754 7152 9849 6991 8623 4521 1264 4574 5167 1107 9386 6852 8971 3518 8542 4424 3044 5397 7914 5189 3182 9345 2122 8526 7348 3477 3169 4524 2248 
6043 9941 9429 9957 5378 5774 3528 3455 7400 2850 5667 2815 6940 7689 6732 8579 6887 3931 3892 1983 3348 1373 2576 2004 9826 5132 5266 7964 4906 9950 9211 4812 2284 2828 7382 7570 5452 1709 9248 6022 1009 4716 5273 6838 9254 8995 2650 5979 7189 9593 1107 3903 8764 6782 3964 8813 8785 2578 8627 3464 8894 4617 3201 6023 9133 5100 3177 7164 4449 2946 7737 7823 1985 6780 6867 8129 9915 4387 6182 5841 
6276 6957 7925 4489 4042 3710 4103 2089 2875 8139 9065 1220 9762 1791 6521 8316 7627 4801 6632 5648 5323 9778 8549 8439 8207 6824 1179 8632 1699 9558 6112 1375 4483 3014 5675 5225 7530 4220 2223 7599 9512 5724 5977 2780 8121 9166 4975 6486 8125 5940 9498 5202 7806 7040 3534 3262 4723 8527 6584 5682 1763 7278 3856 5046 5291 9500 7023 7331 9183 7204 3167 5229 2687 1379 4145 2284 8844 3969 8287 8296 
4592 8783 1151 1814 7975 8456 7499 4256 7895 4742 6793 9509 2723 8702 8798 7202 1543 1275 7214 6795 3622 6450 4135 8341 2692 8355 4134 8219 1514 2616 3541 9219 4668 8029 5747 1920 6266 3807 5844 7433 6373 5103 1884 2283 8686 2167 5186 1594 2783 9860 6281 6957 9631 3727 9375 8836 4708 6861 2497 1442 3584 6980 3313 5755 1864 5639 3442 6551 8554 4580 5336 8692 4893 8172 2168 9741 7965 6544 1268 6876 
4725 7414 6122 1484 9136 9694 1086 3426 6751 1131 6832 2069 9238 3340 8171 4428 6348 5283 2020 5068 1519 7539 7221 2655 8864 1229 4077 8191 6371 6777 1528 1430 1147 1302 1267 6921 4760 5872 8962 2083 4628 1400 5073 8804 7847 1300 2427 1342 7261 7696 2901 3103 7923 9909 5346 2060 5325 9965 9239 6845 6469 9870 4774 9049 2245 9927 6182 2628 7157 1916 6754 9674 8960 2316 3894 9823 8728 3857 6178 1616 
7395 2183 3189 9516 4428 8933 1156 8384 5962 5076 9679 5243 7431 4240 3175 1057 3576 3733 6901 2365 6176 7910 6479 1713 6155 4624 1485 6941 6304 6593 7562 7791 7129 5114 5152 2247 1686 4071 9017 6206 6800 2506 9319 1040 6440 4558 9501 1685 6172 9416 8767 2287 8156 1342 3219 5382 3407 6791 8533 3308 3460 9827 5589 3908 5936 5883 6670 5139 9470 6868 4546 7276 9169 6020 1296 3145 4293 1032 5394 4879 
2864 8821 3995 4200 8062 1037 2403 3126 4435 4433 2254 4134 9707 2692 6249 7032 2119 2466 8116 9426 2827 8974 5707 5548 6321 5240 6982 9442 7249 9791 6516 3277 2036 1567 6767 7086 8961 7382 8067 7700 9105 8143 4343 2380 2246 3866 1056 9894 9327 4285 4700 4070 8391 4716 1580 8923 2444 5053 6226 9455 1304 1498 7681 7588 9626 6914 7854 2938 4134 9257 4388 4266 8150 1060 4878 8457 5321 1952 7420 8961 
8024 3954 6919 6712 9287 7807 3346 9753 2912 1640 2894 6396 5064 2553 1731 2884 1955 9623 3944 5212 3620 2087 4884 1738 5757 9104 3250 1091 4079 2279 4087 5696 5601 8181 1434 3847 2777 9565 1955 5046 3840 8163 8912 5652 5275 9657 9968 9653 9058 3897 3685 9823 5916 7723 3025 1721 4395 7971 9419 1604 9544 8565 7572 2192 3655 6848 8095 3865 9657 5413 8041 6014 4474 6961 3954 8884 6169 7865 4707 2090 
7205 3028 4893 4385 6702 5901 6389 3383 9587 2606 8130 4253 7870 1929 7899 5457 6921 7877 7800 6724 4467 9991 2490 1988 8579 2211 3190 2632 9927 9561 4616 9241 4792 4165 6736 9012 4085 4950 4530 9576 3534 1692 7329 4302 1402 4604 9619 9395 6080 8144 9344 8125 2385 5808 7648 6101 1278 6272 6179 3624 6372 3146 8187 3488 1508 2443 9767 4933 4325 9496 4778 9848 2755 7366 1645 2327 5239 4140 3610 6349 
9383 7403 8042 9556 9474 4931 5110 3169 5155 8660 6672 5136 7090 8659 9952 8172 9005 4446 4060 5056 3964 5378 2271 9974 6211 5835 7882 4080 2702 6236 7599 7597 3671 9644 7896 9073 4120 9541 8827 1564 5656 7651 7495 7327 2474 5804 2847 8689 3630 4734 2388 7317 4204 9669 8920 7679 4150 3403 5777 5856 2698 8696 9430 8941 6823 8666 9905 5368 2364 2376 7309 3730 6831 8102 4179 5815 6890 7297 6656 6490 
3144 4312 5112 7119 3017 5275 9193 6395 3983 6494 9548 5852 4377 1049 5783 9462 5396 8478 3317 1640 6693 2854 3943 5746 8552 2460 3864 9146 7690 6727 6347 2569 1626 3551 1898 6924 3616 5507 7934 8302 7543 2049 5529 3412 5699 8094 1611 8736 1970 3827 6140 2370 4307 7731 1081 6609 2612 5638 5546 7901 3410 7145 1224 2860 8257 1852 3644 5242 4624 3742 7899 9684 8549 3727 7086 7336 4810 6915 5232 1338 
2200 2437 1106 9098 7704 9065 2287 3947 2266 8206 5517 9491 1421 3856 8971 2112 6492 7758 7444 2374 6618 5954 3352 8105 7642 7932 3421 9548 5079 8005 6371 6486 5695 4992 2451 4604 3601 2654 2029 9768 6484 4638 8909 7902 8911 7434 9481 9785 7592 1533 8972 8571 3794 4445 2929 2380 2349 6369 3156 1467 2101 9850 6241 9702 9666 8825 8872 8372 1133 4913 4127 2868 7431 8962 6063 9608 8485 4782 3216 1210 
1769 3765 6679 2239 5259 6923 2622 4646 4691 7449 1713 8426 9825 4065 2524 8991 3426 6943 3631 3697 1598 5435 4350 7711 5741 2500 2385 7143 3867 3845 4342 7673 6074 8023 1517 9704 6494 3590 7379 7875 1147 1700 5363 7666 8562 8843 7062 7445 7434 9966 7377 6245 7388 3975 3876 4324 9442 6174 6944 4061 2560 1009 3557 1768 7520 8394 7281 5016 1026 5208 1752 7059 3263 4875 9770 2312 2006 4190 8637 1560 
8139 7291 5762 2654 1460 1113 2798 1740 6778 2536 9961 9810 4021 4081 7343 7184 9030 2814 5901 3861 5032 7005 7550 6821 3572 1893 5826 7535 8833 2953 2111 9171 6217 6997 5751 9413 4882 8753 6489 4655 4767 7528 1898 5248 6857 2589 7726 3241 6901 7892 1512 7695 8824 7639 2647 3534 3616 9782 7747 1534 8460 5625 8694 1751 5327 1240 3526 5761 4337 3704 5911 1745 1952 8392 1569 3533 5653 4514 1460 8055 
1448 8467 9162 5648 8517 3552 4101 4435 5255 2027 7077 6052 1915 6492 4796 6337 7861 6409 7497 6972 2706 5669 3893 4977 7007 5219 1672 4655 3912 8418 4312 5685 5104 9219 4883 3478 6679 9772 8194 7466 8956 1931 7972 6250 1989 7201 3244 6691 9433 2283 1215 6640 2876 1157 2640 1509 2137 2594 7809 4280 2331 5224 6490 4001 9036 7513 2608 7335 1291 4461 7940 9919 5816 4298 2964 2208 1635 9385 8914 2989 
5924 4214 6147 4803 9264 1870 7019 1851 6093 5852 8427 7697 2118 5653 2070 6169 3329 8716 6675 7289 7757 2665 3066 1376 4623 5516 9097 5954 5600 7830 3370 8681 5377 6239 8907 4095 6250 5130 7089 6440 1735 1589 6465 4897 7488 3067 7220 6670 2035 1144 9633 3833 5156 6403 5659 3163 1560 4366 2696 8368 7737 4791 8828 7557 7678 4525 1830 8592 9117 6981 8184 6272 7977 8177 8417 2638 9045 1429 9988 2356 
5825 9758 6754 2654 2917 1616 7841 5822 6383 2711 7443 9681 7734 1024 3212 5534 1547 5600 1860 4992 5613 6009 6339 1734 7785 5161 8898 5458 7635 2476 8162 1030 8424 3836 7383 3914 2339 4879 1755 1791 4901 5232 8023 1058 1314 4798 4290 7960 3441 5568 1161 2613 2036 6376 3594 7600 2571 4936 7820 9474 8759 6927 7562 4546 6303 2553 9518 8259 4671 7916 4477 9563 2814 5263 1185 9771 6677 5424 6494 7447 
4952 1494 4585 8601 4687 1238 4921 6844 9212 4626 2687 3630 3996 5082 7260 9042 1587 1430 6989 8862 6977 2311 8691 8005 3713 7822 1823 3068 5112 5826 3676 2323 7127 9529 7868 6354 8701 4877 5244 4995 2103 9836 1583 5702 1860 3165 3488 1651 2404 6149 3786 7879 2708 5029 1557 5631 2015 2185 5143 6525 3623 9281 4877 6291 4582 5586 8406 4708 4547 8051 2567 2605 1698 7689 1488 9393 5963 5961 3495 8509 
8761 5585 1175 6746 3436 5009 5715 9719 2716 3426 4704 4589 7229 4059 5771 7437 7831 4599 4943 6961 7036 7448 6490 2586 3502 3266 3694 5369 1850 2901 9383 6067 4074 5602 5983 8195 9699 1367 3429 9926 8934 7519 4933 5313 3139 6543 1835 4731 9308 2523 1523 1384 4282 1002 2669 7945 8561 1897 8326 1264 5489 6813 9513 7603 1068 7101 8758 7197 5630 9816 3847 9208 9560 9020 1364 9573 4196 7182 4854 1049 
8525 4467 5099 2636 3829 2779 4012 1980 7695 2696 3590 2063 7147 1070 9254 9595 8591 4317 9587 8445 3860 9247 6902 1453 9068 1159 5108 7089 2781 6466 9275 7753 4495 2945 7565 1374 2726 3318 4860 8069 2108 4922 3503 2434 2577 2151 1517 4752 3302 2042 9008 5239 6710 6905 5232 4112 3167 5958 3557 6117 4374 2682 1613 6846 7297 1240 3270 2590 3105 5416 3899 8561 8458 2564 8070 6132 4594 1740 2053 3162 
4698 3045 7668 5819 4407 1628 9822 2859 9596 5465 7935 8145 4418 1663 9462 3067 5533 9896 3931 2608 4953 5371 1027 9720 8436 2593 8229 7867 2435 9422 1516 9425 1698 5685 4691 8921 5825 2686 5905 6036 1068 8658 5574 4872 5114 9031 7697 7605 7192 7062 8539 6627 4931 6781 9186 6261 7752 1525 5650 1433 2099 1908 2389 2892 2439 5618 2165 8256 5376 5178 6443 9024 3750 4635 8318 5175 5173 4453 3269 1352 
3324 2205 7993 9537 9970 3614 2042 7493 2047 4729 3696 7495 9727 8866 7368 7573 8701 2921 1167 1809 4146 5937 8886 7511 3391 8323 9875 4670 4616 6934 3680 5832 2209 7297 9075 9344 2123 3789 8201 7005 6420 2167 9534 2677 8319 8393 5244 2590 2079 9077 2591 7280 2636 9886 3425 4064 1098 3591 6206 6965 7418 9876 9165 9508 8550 6002 7884 6101 9266 7470 1221 5475 4299 5690 3442 4647 9854 5676 5403 3064 
4365 1130 2706 5049 1700 5693 4187 1133 9648 5885 4021 4195 8220 8766 2656 4154 6476 8497 7507 2743 1294 5473 6325 7220 5490 9935 7411 4236 7053 9987 8136 2455 6988 4641 3552 2452 9242 6791 1162 3232 2765 7972 4157 6342 2569 6896 5825 4188 2719 9793 3158 8108 6543 4143 5813 1287 8463 4196 6585 2185 3963 3202 1592 3254 4568 9437 2726 2005 7438 9002 7053 1062 7184 1789 4039 9960 9818 8359 4756 4007 
2122 1123 1220 4791 1814 4679 4001 3654 9594 3988 9184 5455 6557 8906 3889 6307 3697 8598 5418 3847 1711 9317 1848 7699 2862 8890 5717 8286 7299 2042 9754 1151 9165 1306 3101 6551 9119 4433 6809 5083 3248 6503 5052 5312 6378 3970 3724 2700 7965 1564 4454 4799 4817 4265 9635 8143 1202 2466 3821 6420 9795 9405 7797 2979 9482 2474 6865 8285 4421 1638 4145 2311 4956 4958 4713 1284 5995 1679 4917 1062 
2831 5832 6673 1973 7909 6560 3242 6217 7653 8465 5833 9830 6019 7572 1746 2577 3866 8299 8076 2245 2121 1712 6469 7446 2968 5984 8827 9553 7075 2735 4133 5265 8869 7885 3218 5977 4503 2949 8381 5734 3750 8268 2343 1803 1198 1184 5745 4867 6119 8558 8627 9674 8715 9802 7101 5936 9941 9273 7582 8653 9011 8744 7674 6901 6723 5859 1543 1490 2498 1288 6472 6419 4154 2726 1674 3536 4037 3177 7159 6866 
7085 4902 7572 3682 4218 9797 1893 5528 9645 6154 1559 1193 1943 3646 4229 1481 5630 8371 6059 4006 8623 2670 2044 4777 7621 1927 2302 7761 7011 3117 1218 1942 5500 2876 4972 5059 3226 8479 7717 6003 6984 1582 8324 7065 2626 3716 8191 9094 6410 8596 2802 8867 8857 5062 7679 2847 9222 2904 2378 5326 7649 4878 3040 4395 7427 1138 7088 7134 5280 9755 6990 4306 7434 4493 8950 4821 2905 7746 7555 5212 
5574 1087 8979 7882 4425 5076 2122 4680 3389 6392 7684 4979 5699 6343 8984 8564 9634 3322 7750 9743 8456 1610 5134 3835 9013 7684 2314 3097 2047 8900 3856 4731 9067 2950 3928 8379 2990 6085 1850 7203 4523 4575 5451 5532 4208 6881 7933 2667 7150 1412 8440 6154 3853 6039 4806 7250 7852 6734 8314 8312 8349 1802 6188 2959 5845 2359 9688 4393 1349 8852 3337 4233 5740 3657 5463 1452 9512 1330 2533 2414 
3035 2938 1832 1538 9496 6142 4099 8937 7805 7939 7328 8847 1234 1525 7902 3376 2974 2737 1896 2986 2490 7993 2001 8430 7867 3123 5456 4664 6820 4144 1455 8310 6852 1110 3296 3713 9668 2143 8943 1162 5557 9624 6222 5343 7695 2737 5038 4281 7873 7257 7610 7464 4556 2973 8108 5650 7765 2661 9499 5244 1684 5491 8123 5230 4378 1459 2726 2017 2234 4383 8332 2398 7571 1847 4330 4513 7656 7412 9347 4163 
2692 5034 2755 7276 4588 4335 8588 5609 6322 4713 5354 2600 8475 8358 9061 7212 7356 1218 4832 5555 8578 7777 5033 2174 5043 6474 3391 5092 5564 4616 4287 5934 8284 2204 2587 3974 1961 5247 1788 3238 1457 8941 7010 5731 1494 1049 4493 5510 3531 8010 6165 1279 3291 4913 4898 1951 1371 6973 9045 1559 6092 1640 2045 5202 1580 7832 6571 8642 4696 7301 8835 3782 4506 8400 4548 1515 6613 8568 2567 5033 
1023 5179 8713 6912 7697 7892 9502 7228 3157 8055 8796 8313 5695 7733 6466 3370 7008 7789 7617 1251 8984 4218 3879 3065 9318 8610 3018 7506 1203 9508 6055 2709 8459 4618 8108 1076 8593 9769 9471 6307 3125 3324 2412 1047 1854 1686 7640 5816 3734 6243 6378 3127 1974 8693 5979 2907 6433 2272 3869 4329 1468 9120 7157 5490 2491 5453 4618 5189 5099 4796 4704 2754 4144 5508 1113 8017 3080 7951 8428 7298 
4544 9842 7035 7836 3957 4579 5419 7396 4250 3145 6534 2360 8878 4372 3373 7252 1304 1330 3847 2596 1186 1746 4105 9115 4693 8792 1103 3075 3922 2512 1094 3501 4838 8303 6747 5047 2243 6278 5355 2939 2894 9894 2888 5474 1314 5116 8776 7442 7158 1029 4739 7601 1603 4406 3234 3771 8518 2895 7166 2356 9715 7522 4463 1441 9805 4101 7377 7639 3317 7997 9863 9726 1789 5001 8006 6633 6770 1241 4000 3718 
8332 2105 2454 6163 1414 3192 4735 2605 8944 2885 1218 1638 8332 2192 1689 4910 2657 5233 1291 4730 4493 9497 2088 1523 9706 4908 5426 3895 2542 8711 6874 4622 8955 9646 6068 9956 2230 2749 6097 4323 2961 8443 5127 6163 1197 7082 4737 3563 3757 4321 7216 1338 6547 3196 2504 6235 2229 4370 3639 6977 9498 4404 4991 5387 2270 7772 5758 3262 2191 8775 3186 3199 5369 9836 5378 4120 4869 2125 1992 1361 
2237 9479 5792 8857 2746 5193 7936 2521 7967 2224 9725 5463 7073 9734 9433 2848 6474 6436 5378 4830 5230 4253 4803 4142 9024 2756 9317 2405 8917 4544 7960 8948 7895 4607 6983 3293 4651 5024 8300 4583 3444 7945 4352 5129 3359 3488 9114 2871 9307 4965 6642 2180 8063 5352 7141 2728 4208 4868 5342 5513 5468 8307 3523 3384 1256 7239 6856 2958 8822 4354 7745 8671 8771 2265 8128 1830 7473 2523 3897 1222 
9100 3907 9708 9068 1689 8786 3350 8321 2600 4715 3051 9854 6307 5107 1568 6409 3135 6061 9250 8290 9818 2182 1465 3327 2837 3025 2901 2320 6371 8477 7697 3030 2970 2435 5354 7590 4101 5342 9684 2781 7306 4453 4862 6054 2189 8515 1059 6171 2370 7353 6686 9499 1251 5196 8806 5761 7773 4324 1075 6197 3312 1084 9116 4303 3688 7528 7126 2849 5314 6112 9985 4735 7367 3422 4385 7802 6591 9819 9827 4893 
4649 5581 4201 3023 8558 1048 8830 1249 6716 2114 1374 1422 7049 8236 5301 3029 6883 8330 1454 9654 2109 6765 6235 1664 7810 4339 4154 1590 1973 4016 9554 8764 2001 2563 5883 1136 1271 9459 8679 9817 4885 1643 9234 6219 9833 9000 5252 9931 4642 9674 2365 4317 3073 7672 9148 5548 9503 2663 9020 1877 1974 2553 2695 8732 9086 5042 9356 1663 7521 8357 2488 4039 2601 7288 8236 6191 1681 9764 9193 9919 
9294 2182 3495 2534 6079 7285 4330 7307 8156 4955 2103 3865 1831 5290 1598 8369 7455 8359 9573 1943 1605 5344 5113 1253 5180 1124 4366 5608 1772 6532 4252 7371 4446 7953 2411 8388 1655 7685 5664 9009 9295 8702 2302 8592 6335 2375 2159 2142 4797 3537 7916 9690 9666 7778 1305 6361 5133 7664 7305 6468 1943 3073 6097 4640 9183 6700 8003 5253 7564 8467 8002 6481 9712 3972 2971 4943 6383 2317 5279 3389 
5851 7808 3063 9418 5125 3934 1194 3292 2841 1462 7490 9596 9662 5770 2512 5370 6797 7893 5018 2067 6435 6191 9644 8396 9980 3793 9353 2550 5790 7103 8836 2580 8554 3636 4112 6248 3950 8520 7511 4085 4547 2280 9339 6272 1748 8387 4614 6344 3327 7331 6516 8463 8851 6782 7430 6035 1634 6082 6165 3845 1197 1334 2191 9976 1885 8934 6405 1188 9244 2005 4940 7374 7216 6502 3602 2203 3814 2792 3709 0
